Segmentname_FV2310,Segmentgruppe_FV2310,Segment_FV2310,Datenelement_FV2310,Segment ID_FV2310,Code_FV2310,Qualifier_FV2310,Beschreibung_FV2310,Bedingungsausdruck_FV2310,Bedingung_FV2310,Unnamed: 0_FV2310,Änderung,changed_entries,Segmentname_FV2404,Segmentgruppe_FV2404,Segment_FV2404,Datenelement_FV2404,Segment ID_FV2404,Code_FV2404,Qualifier_FV2404,Beschreibung_FV2404,Bedingungsausdruck_FV2404,Bedingung_FV2404,Unnamed: 0_FV2404
Nachrichten-Kopfsegment,,UNH,,,,,,Muss,,0,ÄNDERUNG,Segment ID_FV2310|Segment ID_FV2404,Nachrichten-Kopfsegment,,UNH,,00003,,,,Muss,,0
Nachrichten-Kopfsegment,,UNH,0062,,,,Nachrichten-Referenznummer,X,,1,ÄNDERUNG,Segment ID_FV2310|Segment ID_FV2404,Nachrichten-Kopfsegment,,UNH,0062,00003,,,Nachrichten-Referenznummer,X,,1
Nachrichten-Kopfsegment,,UNH,0065,,UTILMD,,Netzanschluss-Stammdaten,X,,2,ÄNDERUNG,Segment ID_FV2310|Segment ID_FV2404,Nachrichten-Kopfsegment,,UNH,0065,00003,UTILMD,,Netzanschluss-Stammdaten,X,,2
Nachrichten-Kopfsegment,,UNH,0052,,D,,Entwurfs-Version,X,,3,ÄNDERUNG,Segment ID_FV2310|Segment ID_FV2404,Nachrichten-Kopfsegment,,UNH,0052,00003,D,,Entwurfs-Version,X,,3
Nachrichten-Kopfsegment,,UNH,0054,,11A,,Ausgabe 2011 - A,X,,4,ÄNDERUNG,Segment ID_FV2310|Segment ID_FV2404,Nachrichten-Kopfsegment,,UNH,0054,00003,11A,,Ausgabe 2011 - A,X,,4
Nachrichten-Kopfsegment,,UNH,0051,,UN,,UN/CEFACT,X,,5,ÄNDERUNG,Segment ID_FV2310|Segment ID_FV2404,Nachrichten-Kopfsegment,,UNH,0051,00003,UN,,UN/CEFACT,X,,5
Nachrichten-Kopfsegment,,UNH,0057,,Versionsnummer der zugrundeliegenden BDEW- Nachrichtenbeschreibung,,S1.1,X,,6,ÄNDERUNG,Segment ID_FV2310|Segment ID_FV2404|Beschreibung_FV2310|Beschreibung_FV2404,Nachrichten-Kopfsegment,,UNH,0057,00003,Versionsnummer der zugrundeliegenden BDEW- Nachrichtenbeschreibung,,S1.1a,X,,6
Beginn der Nachricht,,BGM,,,,,,Muss,,7,ÄNDERUNG,Segment ID_FV2310|Segment ID_FV2404,Beginn der Nachricht,,BGM,,00004,,,,Muss,,7
Beginn der Nachricht,,BGM,1001,,E03,,Änderungsmeldungen,X,,8,ÄNDERUNG,Segment ID_FV2310|Segment ID_FV2404,Beginn der Nachricht,,BGM,1001,00004,E03,,Änderungsmeldungen,X,,8
Beginn der Nachricht,,BGM,1004,,,,Dokumentennummer,X,,9,ÄNDERUNG,Segment ID_FV2310|Segment ID_FV2404,Beginn der Nachricht,,BGM,1004,00004,,,Dokumentennummer,X,,9
Nachrichtendatum,,DTM,,,,,,Muss,,10,ÄNDERUNG,Segment ID_FV2310|Segment ID_FV2404,Nachrichtendatum,,DTM,,00005,,,,Muss,,10
Nachrichtendatum,,DTM,2005,,137,,Dokumenten-/ Nachrichtendatum/-zeit,X,,11,ÄNDERUNG,Segment ID_FV2310|Segment ID_FV2404,Nachrichtendatum,,DTM,2005,00005,137,,Dokumenten-/ Nachrichtendatum/-zeit,X,,11
Nachrichtendatum,,DTM,2380,,,,"Datum oder Uhrzeit oder Zeitspanne, Wert",X [931] [494],"[494] Das hier genannte Datum muss der Zeitpunkt sein, zu dem das Dokument erstellt wurde, oder ein Zeitpunkt, der davor liegt
[931] Format: ZZZ = +00",12,ÄNDERUNG,Segment ID_FV2310|Segment ID_FV2404,Nachrichtendatum,,DTM,2380,00005,,,"Datum oder Uhrzeit oder Zeitspanne, Wert",X [931] [494],"[494] Das hier genannte Datum muss der Zeitpunkt sein, zu dem das Dokument erstellt wurde, oder ein Zeitpunkt, der davor liegt
[931] Format: ZZZ = +00",12
Nachrichtendatum,,DTM,2379,,303,,CCYYMMDDHHMMZZZ,X,,13,ÄNDERUNG,Segment ID_FV2310|Segment ID_FV2404,Nachrichtendatum,,DTM,2379,00005,303,,CCYYMMDDHHMMZZZ,X,,13
MP-ID Absender,SG2,,,,,,,Muss,,14,,,MP-ID Absender,SG2,,,,,,,Muss,,14
EDIFACT Struktur,SG2,NAD,,,,,,Muss,,15,ÄNDERUNG,Segment ID_FV2310|Segment ID_FV2404,EDIFACT Struktur,SG2,NAD,,00008,,,,Muss,,15
EDIFACT Struktur,SG2,NAD,3035,,MS,,Dokumenten-/ Nachrichtenaussteller bzw. - absender,X,,16,ÄNDERUNG,Segment ID_FV2310|Segment ID_FV2404,EDIFACT Struktur,SG2,NAD,3035,00008,MS,,Dokumenten-/ Nachrichtenaussteller bzw. - absender,X,,16
EDIFACT Struktur,SG2,NAD,3039,,,,MP-ID,X,,17,ÄNDERUNG,Segment ID_FV2310|Segment ID_FV2404,EDIFACT Struktur,SG2,NAD,3039,00008,,,MP-ID,X,,17
EDIFACT Struktur,SG2,NAD,3055,,9,,GS1,X,,18,ÄNDERUNG,Segment ID_FV2310|Segment ID_FV2404,EDIFACT Struktur,SG2,NAD,3055,00008,9,,GS1,X,,18
EDIFACT Struktur,SG2,NAD,3055,,293,,"DE, BDEW (Bundesverband der Energie- und Wasserwirtschaft e. V.)",X,,19,,,EDIFACT Struktur,SG2,NAD,3055,,293,,"DE, BDEW (Bundesverband der Energie- und Wasserwirtschaft e. V.)",X,,19
Ansprechpartner,SG3,,,,,,,Kann,,20,,,Ansprechpartner,SG3,,,,,,,Kann,,20
Ansprechpartner,SG3,CTA,,,,,,Muss,,21,ÄNDERUNG,Segment ID_FV2310|Segment ID_FV2404,Ansprechpartner,SG3,CTA,,00009,,,,Muss,,21
Ansprechpartner,SG3,CTA,3139,,IC,,Informationskontakt,X,,22,ÄNDERUNG,Segment ID_FV2310|Segment ID_FV2404,Ansprechpartner,SG3,CTA,3139,00009,IC,,Informationskontakt,X,,22
Ansprechpartner,SG3,CTA,3412,,,,Name vom Ansprechpartner,X,,23,ÄNDERUNG,Segment ID_FV2310|Segment ID_FV2404,Ansprechpartner,SG3,CTA,3412,00009,,,Name vom Ansprechpartner,X,,23
Kommunikationsverbindung,SG3,COM,,,,,,Muss,,24,ÄNDERUNG,Segment ID_FV2310|Segment ID_FV2404,Kommunikationsverbindung,SG3,COM,,00010,,,,Muss,,24
Kommunikationsverbindung,SG3,COM,3148,,,,Nummer / Adresse,X,,25,ÄNDERUNG,Segment ID_FV2310|Segment ID_FV2404|Bedingungsausdruck_FV2310|Bedingungsausdruck_FV2404|Bedingung_FV2310|Bedingung_FV2404,Kommunikationsverbindung,SG3,COM,3148,00010,,,Nummer / Adresse,X (([939] [321]) ∨ ([940] [322])) ∧ [514],"[321] Wenn im DE3155 in demselben COM der Code EM vorhanden ist
[322] Wenn im DE3155 in demselben COM der Code TE / FX / AJ / AL vorhanden ist
[514] Hinweis: Es darf nur eine Information im DE3148 übermittelt werden ",25
Kommunikationsverbindung,SG3,COM,3155,,EM,,Elektronische Post,X [1P0..1],,26,ENTFÄLLT,,,,,,,,,,,,
Kommunikationsverbindung,SG3,COM,3155,,FX,,Telefax,X [1P0..1],,27,ENTFÄLLT,,,,,,,,,,,,
Kommunikationsverbindung,SG3,COM,3155,,TE,,Telefon,X [1P0..1],,28,ENTFÄLLT,,,,,,,,,,,,
Kommunikationsverbindung,SG3,COM,3155,,AJ,,weiteres Telefon,X [1P0..1],,29,ENTFÄLLT,,,,,,,,,,,,
Kommunikationsverbindung,SG3,COM,3155,,AL,,Handy,X [1P0..1],,30,ENTFÄLLT,,,,,,,,,,,,
,,,,,,,,,,,NEU,,EDIFACT Struktur,SG3,COM,3155,00010,EM,,Elektronische Post,X [1P0..1],,26
,,,,,,,,,,,NEU,,EDIFACT Struktur,SG3,COM,3155,,FX,,Telefax,X [1P0..1],,27
,,,,,,,,,,,NEU,,EDIFACT Struktur,SG3,COM,3155,,TE,,Telefon,X [1P0..1],,28
,,,,,,,,,,,NEU,,EDIFACT Struktur,SG3,COM,3155,,AJ,,weiteres Telefon,X [1P0..1],,29
,,,,,,,,,,,NEU,,EDIFACT Struktur,SG3,COM,3155,,AL,,Handy,X [1P0..1],,30
MP-ID Empfänger,SG2,,,,,,,Muss,,31,,,MP-ID Empfänger,SG2,,,,,,,Muss,,31
MP-ID Empfänger,SG2,NAD,,,,,,Muss,,32,ÄNDERUNG,Segment ID_FV2310|Segment ID_FV2404,MP-ID Empfänger,SG2,NAD,,00011,,,,Muss,,32
MP-ID Empfänger,SG2,NAD,3035,,MR,,Nachrichtenempfänger,X,,33,ÄNDERUNG,Segment ID_FV2310|Segment ID_FV2404,MP-ID Empfänger,SG2,NAD,3035,00011,MR,,Nachrichtenempfänger,X,,33
MP-ID Empfänger,SG2,NAD,3039,,,,MP-ID,X,,34,ÄNDERUNG,Segment ID_FV2310|Segment ID_FV2404,MP-ID Empfänger,SG2,NAD,3039,00011,,,MP-ID,X,,34
,,,,,,,,,,,NEU,,MP-ID Empfänger,SG2,NAD,3055,00011,9,,GS1,X,,35
,,,,,,,,,,,NEU,,MP-ID Empfänger,SG2,NAD,3055,,293,,"DE, BDEW (Bundesverband der Energie- und Wasserwirtschaft e. V.)",X,,36
,,,,,,,,,,,NEU,,Vorgang,SG4,,,,,,,Muss,,37
,,,,,,,,,,,NEU,,Vorgang,SG4,IDE,,00020,,,,Muss,,38
,,,,,,,,,,,NEU,,Vorgang,SG4,IDE,7495,00020,24,,Transaktion,X,,39
,,,,,,,,,,,NEU,,Vorgang,SG4,IDE,7402,00020,,,Vorgangsnummer,X,,40
,,,,,,,,,,,NEU,,Beginn zum EDIFACT Struktur,SG4,DTM,,00024,,,,Muss,,41
,,,,,,,,,,,NEU,,Beginn zum EDIFACT Struktur,SG4,DTM,2005,00024,92,,Datum Vertragsbeginn,X,,42
,,,,,,,,,,,NEU,,Beginn zum EDIFACT Struktur,SG4,DTM,2380,00024,,,"Datum oder Uhrzeit oder Zeitspanne, Wert",X [UB1] ∧ [528],[528] Hinweis: Es ist das Datum/ Daten aus der Anfrage zu verwenden,43
,,,,,,,,,,,NEU,,Beginn zum EDIFACT Struktur,SG4,DTM,2379,00024,303,,CCYYMMDDHHMMZZZ,X,,44
,,,,,,,,,,,NEU,,"Änderung zum, Gültigkeit, Beginndatum",SG4,DTM,,00027,,,,Muss,,45
,,,,,,,,,,,NEU,,"Änderung zum, Gültigkeit, Beginndatum",SG4,DTM,2005,00027,157,,"Gültigkeit, Beginndatum",X,,46
,,,,,,,,,,,NEU,,"Änderung zum, Gültigkeit, Beginndatum",SG4,DTM,2380,00027,,,"Datum oder Uhrzeit oder Zeitspanne, Wert",X [UB1] ∧ [528],[528] Hinweis: Es ist das Datum/ Daten aus der Anfrage zu verwenden,47
,,,,,,,,,,,NEU,,"Änderung zum, Gültigkeit, Beginndatum",SG4,DTM,2379,00027,303,,CCYYMMDDHHMMZZZ,X,,48
,,,,,,,,,,,NEU,,Transaktionsgrund,SG4,STS,,00037,,,,Muss [2061],[2061] Segment bzw. Segmentgruppe ist genau einmal je SG4 IDE (Vorgang) anzugeben,49
,,,,,,,,,,,NEU,,Transaktionsgrund,SG4,STS,9015,00037,7,,Transaktionsgrund,X,,50
,,,,,,,,,,,NEU,,Transaktionsgrund,SG4,STS,9013,00037,ZF3,,Nicht bila.rel. Anfrage an LF,X,,51
,,,,,,,,,,,NEU,,Marktlokation,SG5,,,,,,,Muss [2061],[2061] Segment bzw. Segmentgruppe ist genau einmal je SG4 IDE (Vorgang) anzugeben,52
,,,,,,,,,,,NEU,,Marktlokation,SG5,LOC,,00051,,,,Muss,,53
,,,,,,,,,,,NEU,,Marktlokation,SG5,LOC,3227,00051,Z16,,Marktlokation,X,,54
,,,,,,,,,,,NEU,,Marktlokation,SG5,LOC,3225,00051,,,ID der Marktlokation,X [950],[950] Format: Marktlokations-ID,55
,,,,,,,,,,,NEU,,Prüfidentifikator,SG6,,,,,,,Muss,,56
,,,,,,,,,,,NEU,,Prüfidentifikator,SG6,RFF,,00057,,,,Muss,,57
,,,,,,,,,,,NEU,,Prüfidentifikator,SG6,RFF,1153,00057,Z13,,Prüfidentifikator,X,,58
,,,,,,,,,,,NEU,,Prüfidentifikator,SG6,RFF,1154,,55136,,SDÄ Strom / Nicht bila.rel. Anfrage an LF NB [Verteiler] an LF,X,,59
,,,,,,,,,,,NEU,,Daten der Marktlokation,SG8,,,,,,,Muss [2061],[2061] Segment bzw. Segmentgruppe ist genau einmal je SG4 IDE (Vorgang) anzugeben,60
,,,,,,,,,,,NEU,,Daten der Marktlokation,SG8,SEQ,,00103,,,,Muss,,61
,,,,,,,,,,,NEU,,Daten der Marktlokation,SG8,SEQ,1229,00103,Z01,,Daten der Marktlokation,X,,62
,,,,,,,,,,,NEU,,Referenz auf die ID der Marktlokation,SG8,RFF,,00104,,,,Muss,,63
,,,,,,,,,,,NEU,,Referenz auf die ID der Marktlokation,SG8,RFF,1153,00104,Z18,,Marktlokation,X,,64
,,,,,,,,,,,NEU,,Referenz auf die ID der Marktlokation,SG8,RFF,1154,00104,,,ID der Marktlokation,X [950],[950] Format: Marktlokations-ID,65
,,,,,,,,,,,NEU,,Lieferrichtung,SG10,,,,,,,Muss,,66
,,,,,,,,,,,NEU,,Lieferrichtung,SG10,CCI,,00110,,,,Muss,,67
,,,,,,,,,,,NEU,,Lieferrichtung,SG10,CCI,7059,00110,Z30,,Lieferrichtung,X,,68
EDIFACT Struktur,SG2,NAD,3055,,9,,GS1,X,,35,ÄNDERUNG,Segmentgruppe_FV2310|Segmentgruppe_FV2404|Segment_FV2310|Segment_FV2404|Datenelement_FV2310|Datenelement_FV2404|Segment ID_FV2310|Segment ID_FV2404|Code_FV2310|Code_FV2404|Beschreibung_FV2310|Beschreibung_FV2404|Unnamed: 0_FV2310|Unnamed: 0_FV2404,EDIFACT Struktur,SG10,CCI,7037,00110,Z06,,Erzeugung,X,,69
EDIFACT Struktur,SG2,NAD,3055,,293,,"DE, BDEW (Bundesverband der Energie- und Wasserwirtschaft e. V.)",X,,36,ÄNDERUNG,Segmentgruppe_FV2310|Segmentgruppe_FV2404|Segment_FV2310|Segment_FV2404|Datenelement_FV2310|Datenelement_FV2404|Code_FV2310|Code_FV2404|Beschreibung_FV2310|Beschreibung_FV2404|Unnamed: 0_FV2310|Unnamed: 0_FV2404,EDIFACT Struktur,SG10,CCI,7037,,Z07,,Verbrauch,X,,70
Vorgang,SG4,,,,,,,Muss,,37,ENTFÄLLT,,,,,,,,,,,,
Vorgang,SG4,IDE,,,,,,Muss,,38,ENTFÄLLT,,,,,,,,,,,,
Vorgang,SG4,IDE,7495,,24,,Transaktion,X,,39,ENTFÄLLT,,,,,,,,,,,,
Vorgang,SG4,IDE,7402,,,,Vorgangsnummer,X,,40,ENTFÄLLT,,,,,,,,,,,,
Beginn zum,SG4,DTM,,,,,,Muss,,41,ENTFÄLLT,,,,,,,,,,,,
Beginn zum,SG4,DTM,2005,,92,,Datum Vertragsbeginn,X,,42,ENTFÄLLT,,,,,,,,,,,,
Beginn zum,SG4,DTM,2380,,,,"Datum oder Uhrzeit oder Zeitspanne, Wert",X [UB1] ∧ [528],[528] Hinweis: Es ist das Datum/ Daten aus der Anfrage zu verwenden,43,ENTFÄLLT,,,,,,,,,,,,
Beginn zum,SG4,DTM,2379,,303,,CCYYMMDDHHMMZZZ,X,,44,ENTFÄLLT,,,,,,,,,,,,
"Änderung zum, Gültigkeit, Beginndatum",SG4,DTM,,,,,,Muss,,45,ENTFÄLLT,,,,,,,,,,,,
"Änderung zum, Gültigkeit, Beginndatum",SG4,DTM,2005,,157,,"Gültigkeit, Beginndatum",X,,46,ENTFÄLLT,,,,,,,,,,,,
"Änderung zum, Gültigkeit, Beginndatum",SG4,DTM,2380,,,,"Datum oder Uhrzeit oder Zeitspanne, Wert",X [UB1] ∧ [528],[528] Hinweis: Es ist das Datum/ Daten aus der Anfrage zu verwenden,47,ENTFÄLLT,,,,,,,,,,,,
"Änderung zum, Gültigkeit, Beginndatum",SG4,DTM,2379,,303,,CCYYMMDDHHMMZZZ,X,,48,ENTFÄLLT,,,,,,,,,,,,
Transaktionsgrund EDIFACT Struktur,SG4,STS,,,,,,Muss [2061],[2061] Segment bzw. Segmentgruppe ist genau einmal je SG4 IDE (Vorgang) anzugeben,49,ENTFÄLLT,,,,,,,,,,,,
Transaktionsgrund EDIFACT Struktur,SG4,STS,9015,,7,,Transaktionsgrund,X,,50,ENTFÄLLT,,,,,,,,,,,,
Transaktionsgrund EDIFACT Struktur,SG4,STS,9013,,ZF3,,Nicht bila.rel. Anfrage an LF,X,,51,ENTFÄLLT,,,,,,,,,,,,
Marktlokation,SG5,,,,,,,Muss [2061],[2061] Segment bzw. Segmentgruppe ist genau einmal je SG4 IDE (Vorgang) anzugeben,52,ENTFÄLLT,,,,,,,,,,,,
Marktlokation,SG5,LOC,,,,,,Muss,,53,ENTFÄLLT,,,,,,,,,,,,
Marktlokation,SG5,LOC,3227,,Z16,,Marktlokation,X,,54,ENTFÄLLT,,,,,,,,,,,,
Marktlokation,SG5,LOC,3225,,,,ID der Marktlokation,X [950],[950] Format: Marktlokations-ID,55,ENTFÄLLT,,,,,,,,,,,,
Prüfidentifikator,SG6,,,,,,,Muss,,56,ENTFÄLLT,,,,,,,,,,,,
Prüfidentifikator,SG6,RFF,,,,,,Muss,,57,ENTFÄLLT,,,,,,,,,,,,
Prüfidentifikator,SG6,RFF,1153,,Z13,,Prüfidentifikator,X,,58,ENTFÄLLT,,,,,,,,,,,,
Prüfidentifikator,SG6,RFF,1154,,55136,,SDÄ Strom / Nicht bila.rel. Anfrage an LF NB [Verteiler] an LF,X,,59,ENTFÄLLT,,,,,,,,,,,,
Daten der Marktlokation,SG8,,,,,,,Muss [2061],[2061] Segment bzw. Segmentgruppe ist genau einmal je SG4 IDE (Vorgang) anzugeben,60,ENTFÄLLT,,,,,,,,,,,,
Daten der Marktlokation,SG8,SEQ,,,,,,Muss,,61,ENTFÄLLT,,,,,,,,,,,,
Daten der Marktlokation,SG8,SEQ,1229,,Z01,,Daten der Marktlokation,X,,62,ENTFÄLLT,,,,,,,,,,,,
,,,,,,,,,,,NEU,,Kunde des Lieferanten,SG12,,,,,,,Soll [336],"[202] Wenn SG4 STS+E01+ZG2 (Status der Antwort: Gültiges Ergebnis nach der Datenprüfung) vorhanden
[336] Wenn in Änderungsmeldung gefüllt",71
,,,,,,,,,,,NEU,,Kunde des Lieferanten,SG12,NAD,,00518,,,,Muss,,72
,,,,,,,,,,,NEU,,Kunde des Lieferanten,SG12,NAD,3035,00518,Z09,,Kunde des LF,X,,73
,,,,,,,,,,,NEU,,Kunde des Lieferanten,SG12,NAD,3036,00518,,,Name,X,,74
,,,,,,,,,,,NEU,,Kunde des Lieferanten,SG12,NAD,3045,00518,Z01,,Struktur von Personennamen,X,,75
,,,,,,,,,,,NEU,,Kunde des Lieferanten,SG12,NAD,3045,,Z02,,Struktur der Firmenbezeichnung,X,,76
Referenz auf die ID der Marktlokation,SG8,RFF,,,,,,Muss,,63,ÄNDERUNG,Segmentgruppe_FV2310|Segmentgruppe_FV2404|Segment ID_FV2310|Segment ID_FV2404|Unnamed: 0_FV2310|Unnamed: 0_FV2404,Referenz auf die ID der Marktlokation,SG12,RFF,,00521,,,,Muss,,77
Referenz auf die ID der Marktlokation,SG8,RFF,1153,,Z18,,Marktlokation,X,,64,ÄNDERUNG,Segmentgruppe_FV2310|Segmentgruppe_FV2404|Segment ID_FV2310|Segment ID_FV2404|Unnamed: 0_FV2310|Unnamed: 0_FV2404,Referenz auf die ID der Marktlokation,SG12,RFF,1153,00521,Z18,,Marktlokation,X,,78
,,,,,,,,,,,NEU,,EDIFACT Struktur,SG12,RFF,1154,00521,,,ID der Marktlokation,X [950],[950] Format: Marktlokations-ID,79
,,,,,,,,,,,NEU,,Korrespondenzanschrift des Kunden des Lieferanten,SG12,,,,,,,Soll [336],"[202] Wenn SG4 STS+E01+ZG2 (Status der Antwort: Gültiges Ergebnis nach der Datenprüfung) vorhanden
[336] Wenn in Änderungsmeldung gefüllt",80
,,,,,,,,,,,NEU,,Korrespondenzanschrift des Kunden des Lieferanten,SG12,NAD,,00522,,,,Muss,,81
,,,,,,,,,,,NEU,,Korrespondenzanschrift des Kunden des Lieferanten,SG12,NAD,3035,00522,Z04,,Korrespondenzanschrift des Kunden des LF,X,,82
,,,,,,,,,,,NEU,,Korrespondenzanschrift des Kunden des Lieferanten,SG12,NAD,3036,00522,,,Name,X,,83
,,,,,,,,,,,NEU,,Korrespondenzanschrift des Kunden des Lieferanten,SG12,NAD,3045,00522,Z01,,Struktur von Personennamen,X,,84
,,,,,,,,,,,NEU,,Korrespondenzanschrift des Kunden des Lieferanten,SG12,NAD,3045,,Z02,,Struktur der Firmenbezeichnung,X,,85
,,,,,,,,,,,NEU,,Korrespondenzanschrift des Kunden des Lieferanten,SG12,NAD,3042,00522,,,Straße und Hausnummer oder Postfach,X,,86
,,,,,,,,,,,NEU,,Korrespondenzanschrift des Kunden des Lieferanten,SG12,NAD,3164,00522,,,Ort,X,,87
,,,,,,,,,,,NEU,,Korrespondenzanschrift des Kunden des Lieferanten,SG12,NAD,3251,00522,,,Postleitzahl,M [268] S [166],"[166] Wenn vorhanden
[268] Wenn der Code im DE3207 in der ""EDI@Energy Codeliste der europäischen Ländercodes"" in der Spalte ""PLZ vorhanden"" ein ""X"" aufgeführt ist",88
,,,,,,,,,,,NEU,,Korrespondenzanschrift des Kunden des Lieferanten,SG12,NAD,3207,00522,,,"Ländername, Code",X,,89
Referenz auf die ID der Marktlokation,SG8,RFF,1154,,,,ID der Marktlokation,X [950],[950] Format: Marktlokations-ID,65,ÄNDERUNG,Segmentgruppe_FV2310|Segmentgruppe_FV2404|Datenelement_FV2310|Datenelement_FV2404|Segment ID_FV2310|Segment ID_FV2404|Beschreibung_FV2310|Beschreibung_FV2404|Bedingungsausdruck_FV2310|Bedingungsausdruck_FV2404|Bedingung_FV2310|Bedingung_FV2404|Unnamed: 0_FV2310|Unnamed: 0_FV2404,Referenz auf die ID der Marktlokation,SG12,RFF,,00523,,,,Muss,,90
Lieferrichtung,SG10,,,,,,,Muss,,66,ENTFÄLLT,,,,,,,,,,,,
Lieferrichtung,SG10,CCI,,,,,,Muss,,67,ENTFÄLLT,,,,,,,,,,,,
Lieferrichtung,SG10,CCI,7059,,Z30,,Lieferrichtung,X,,68,ENTFÄLLT,,,,,,,,,,,,
Lieferrichtung,SG10,CCI,7037,,Z06,,Erzeugung,X,,69,ENTFÄLLT,,,,,,,,,,,,
Lieferrichtung,SG10,CCI,7037,,Z07,,Verbrauch,X,,70,ENTFÄLLT,,,,,,,,,,,,
Kunde des Lieferanten,SG12,,,,,,,Soll [336],"[202] Wenn SG4 STS+E01+ZG2 (Status der Antwort: Gültiges Ergebnis nach der Datenprüfung) vorhanden
[336] Wenn in Änderungsmeldung gefüllt",71,ENTFÄLLT,,,,,,,,,,,,
Kunde des Lieferanten,SG12,NAD,,,,,,Muss,,72,ENTFÄLLT,,,,,,,,,,,,
Kunde des Lieferanten,SG12,NAD,3035,,Z09,,Kunde des LF,X,,73,ENTFÄLLT,,,,,,,,,,,,
Kunde des Lieferanten,SG12,NAD,3036,,,,Name,X,,74,ENTFÄLLT,,,,,,,,,,,,
Kunde des Lieferanten,SG12,NAD,3045,,Z01,,Struktur von Personennamen,X,,75,ENTFÄLLT,,,,,,,,,,,,
EDIFACT Struktur,SG12,NAD,3045,,Z02,,Struktur der Firmenbezeichnung,X,,76,ENTFÄLLT,,,,,,,,,,,,
Referenz auf die ID der Marktlokation,SG12,RFF,,,,,,Muss,,77,ÄNDERUNG,Datenelement_FV2310|Datenelement_FV2404|Segment ID_FV2310|Segment ID_FV2404|Code_FV2310|Code_FV2404|Beschreibung_FV2310|Beschreibung_FV2404|Bedingungsausdruck_FV2310|Bedingungsausdruck_FV2404|Unnamed: 0_FV2310|Unnamed: 0_FV2404,Referenz auf die ID der Marktlokation,SG12,RFF,1153,00523,Z18,,Marktlokation,X,,91
Referenz auf die ID der Marktlokation,SG12,RFF,1153,,Z18,,Marktlokation,X,,78,ÄNDERUNG,Datenelement_FV2310|Datenelement_FV2404|Segment ID_FV2310|Segment ID_FV2404|Code_FV2310|Code_FV2404|Beschreibung_FV2310|Beschreibung_FV2404|Bedingungsausdruck_FV2310|Bedingungsausdruck_FV2404|Bedingung_FV2310|Bedingung_FV2404|Unnamed: 0_FV2310|Unnamed: 0_FV2404,Referenz auf die ID der Marktlokation,SG12,RFF,1154,00523,,,ID der Marktlokation,X [950],[950] Format: Marktlokations-ID,92
Referenz auf die ID der Marktlokation,SG12,RFF,1154,,,,ID der Marktlokation,X [950],[950] Format: Marktlokations-ID,79,ENTFÄLLT,,,,,,,,,,,,
Korrespondenzanschrift des Kunden des Lieferanten,SG12,,,,,,,Soll [336],"[202] Wenn SG4 STS+E01+ZG2 (Status der Antwort: Gültiges Ergebnis nach der Datenprüfung) vorhanden
[336] Wenn in Änderungsmeldung gefüllt",80,ENTFÄLLT,,,,,,,,,,,,
Korrespondenzanschrift des Kunden des Lieferanten,SG12,NAD,,,,,,Muss,,81,ENTFÄLLT,,,,,,,,,,,,
Korrespondenzanschrift des Kunden des Lieferanten,SG12,NAD,3035,,Z04,,Korrespondenzanschrift des Kunden des LF,X,,82,ENTFÄLLT,,,,,,,,,,,,
Korrespondenzanschrift des Kunden des Lieferanten,SG12,NAD,3036,,,,Name,X,,83,ENTFÄLLT,,,,,,,,,,,,
EDIFACT Struktur,SG12,NAD,3045,,Z01,,Struktur von Personennamen,X,,84,ENTFÄLLT,,,,,,,,,,,,
EDIFACT Struktur,SG12,NAD,3045,,Z02,,Struktur der Firmenbezeichnung,X,,85,ENTFÄLLT,,,,,,,,,,,,
EDIFACT Struktur,SG12,NAD,3042,,,,Straße und Hausnummer oder Postfach,X,,86,ENTFÄLLT,,,,,,,,,,,,
EDIFACT Struktur,SG12,NAD,3164,,,,Ort,X,,87,ENTFÄLLT,,,,,,,,,,,,
EDIFACT Struktur,SG12,NAD,3251,,,,Postleitzahl,M [268] S [166],"[166] Wenn vorhanden
[268] Wenn der Code im DE3207 in der ""EDI@Energy Codeliste der europäischen Ländercodes"" in der Spalte ""PLZ vorhanden"" ein ""X"" aufgeführt ist",88,ENTFÄLLT,,,,,,,,,,,,
EDIFACT Struktur,SG12,NAD,3207,,,,"Ländername, Code",X,,89,ENTFÄLLT,,,,,,,,,,,,
Referenz auf die ID der Marktlokation,SG12,RFF,,,,,,Muss,,90,ENTFÄLLT,,,,,,,,,,,,
Referenz auf die ID der Marktlokation,SG12,RFF,1153,,Z18,,Marktlokation,X,,91,ENTFÄLLT,,,,,,,,,,,,
Referenz auf die ID der Marktlokation,SG12,RFF,1154,,,,ID der Marktlokation,X [950],[950] Format: Marktlokations-ID,92,ENTFÄLLT,,,,,,,,,,,,
Nachrichten-Endesegment,,UNT,,,,,,Muss,,93,ÄNDERUNG,Segment ID_FV2310|Segment ID_FV2404,Nachrichten-Endesegment,,UNT,,00540,,,,Muss,,93
Nachrichten-Endesegment,,UNT,0074,,,,Anzahl der Segmente in einer Nachricht,X,,94,ÄNDERUNG,Segment ID_FV2310|Segment ID_FV2404,Nachrichten-Endesegment,,UNT,0074,00540,,,Anzahl der Segmente in einer Nachricht,X,,94
Nachrichten-Endesegment,,UNT,0062,,,,Nachrichten-Referenznummer,X,,95,ÄNDERUNG,Segment ID_FV2310|Segment ID_FV2404,Nachrichten-Endesegment,,UNT,0062,00540,,,Nachrichten-Referenznummer,X,,95
